/*--------------------------------*- C++ -*----------------------------------*\
  =========                 |
  \\      /  F ield         | OpenFOAM: The Open Source CFD Toolbox
   \\    /   O peration     | Website:  https://openfoam.org
    \\  /    A nd           | Version:  11
     \\/     M anipulation  |
\*---------------------------------------------------------------------------*/
FoamFile
{
    format      ascii;
    class       labelList;
    note        "nPoints:2098  nCells:1938  nFaces:6863  nInternalFaces:2827";
    location    "constant/polyMesh";
    object      neighbour;
}
// * * * * * * * * * * * * * * * * * * * * * * * * * * * * * * * * * * * * * //


2827
(
7
111
159
8
112
160
10
152
1345
23
76
371
30
91
1074
47
48
1134
46
49
1133
170
1705
1499
1713
29
146
582
1575
1576
19
1437
1618
39
88
551
38
104
623
59
90
465
26
143
1501
40
95
426
53
68
681
64
69
1055
370
1436
32
101
43
144
178
45
179
1469
99
1538
44
212
1430
61
66
1648
177
1595
62
154
584
63
105
717
1466
1536
169
1494
77
106
1386
754
1535
37
1507
1522
35
1512
1673
1445
1525
42
643
1742
1678
1691
118
1637
119
1636
131
1635
51
1476
1577
1450
1625
1474
1586
1475
1584
1473
1583
1735
1736
90
1491
1478
1490
52
1502
1596
165
1435
1465
1579
1660
58
169
585
80
1662
79
1661
103
1210
1441
145
1465
1497
1590
98
99
1447
1682
186
1540
185
1544
1434
1642
81
1435
1641
911
1926
82
1487
1631
1488
1629
1489
1630
85
181
1335
86
184
1108
182
677
1453
87
183
370
96
186
1071
97
185
1050
1468
1884
1534
1628
83
1587
1694
1598
1610
1599
1615
1602
1605
1600
1607
170
179
92
1591
1633
159
1473
160
1474
168
1475
1477
1643
102
1478
1645
1479
1647
1869
1594
1621
161
908
1466
113
180
1073
1578
1639
155
1592
157
1593
722
1659
529
163
165
1846
1437
1805
1620
1624
163
1588
1657
1659
1460
1890
1486
1651
108
198
1711
397
1679
110
580
1676
210
1726
1335
1444
1108
1442
145
678
175
1381
1575
176
1485
1754
171
1635
1888
172
1637
1889
617
1929
779
1928
208
1513
1895
209
1506
1900
210
1510
1912
211
1520
1918
200
1515
1803
201
1519
1800
202
1511
1781
203
1532
1804
204
1531
1795
206
1523
1797
205
1529
1767
214
1927
189
1503
1831
190
1524
1832
191
1509
1834
196
1505
1825
192
1527
1839
195
1514
1827
193
1518
1829
194
1516
1823
197
1517
1821
198
1521
1820
199
1508
1817
406
1870
1470
1923
1596
1643
1644
166
167
1215
177
1447
1866
1432
1533
1844
1433
1590
1693
153
1617
1626
1629
1654
1630
1655
1631
1656
156
1331
173
673
158
1047
174
1012
179
178
1574
1733
164
188
1649
1589
166
212
1161
770
168
1067
212
1495
1500
1862
1927
1861
1929
1490
1856
1491
1857
1493
1848
1433
1803
1282
1692
213
1868
1546
1802
1539
1762
1437
1542
1541
1796
1543
1545
188
207
824
1008
1688
1897
1674
1903
1667
1898
1669
1908
1686
1914
1671
1907
1670
1909
1685
1920
1668
1915
1911
1666
1919
1690
1754
1672
1766
1689
1795
1677
1807
1684
1781
1683
1790
1687
1772
214
1578
1675
1842
1443
1822
1826
1681
1835
1456
1732
1428
226
273
1313
217
865
1815
219
444
229
247
761
269
816
247
376
447
235
1230
1271
253
376
775
224
225
480
231
1102
234
1269
363
1423
445
619
1644
253
292
1503
477
782
472
608
739
290
989
236
375
715
548
787
1384
628
1487
321
947
246
768
257
396
605
740
1526
1822
271
388
674
361
651
332
363
1270
420
781
1514
289
1281
1866
323
1150
1848
302
768
776
613
1273
1355
324
505
875
399
473
1824
587
1182
1512
422
477
1103
861
1125
1313
296
344
680
1731
505
650
1224
589
590
1506
700
763
523
580
1826
260
272
986
308
1354
276
786
923
280
354
1723
544
578
580
1125
1300
1816
270
445
942
330
413
801
435
621
1237
303
499
1505
274
746
281
543
579
641
422
782
1401
1422
302
1393
293
461
547
308
749
748
1113
1408
439
598
703
340
804
828
498
935
619
862
778
783
866
298
304
931
305
503
1163
1357
1369
1576
549
912
1788
549
913
1777
378
918
1769
825
1703
475
733
299
709
742
713
742
622
1627
322
567
1189
523
544
775
320
523
533
586
1187
353
495
327
903
318
985
1532
343
1312
1357
803
304
1070
606
386
1180
827
944
1157
460
906
1785
618
500
535
538
418
419
740
336
899
981
458
642
1049
1053
1550
1720
382
406
1387
409
568
1732
1252
1294
1295
737
1252
1481
907
1041
335
1005
1192
1565
1728
328
1051
468
1174
796
1396
621
755
793
1747
368
431
1326
1559
1564
360
738
481
747
833
496
613
339
868
1058
1311
384
410
1062
421
440
476
402
1045
1069
1084
1263
1547
1707
739
1504
1525
650
718
845
881
347
457
1048
364
617
1657
1120
1174
1539
656
1877
449
548
1629
470
537
540
708
1455
462
854
1248
476
1176
1295
643
671
983
918
919
1766
569
850
857
1520
543
940
1065
610
1122
1175
421
540
1293
646
695
944
428
909
1044
571
1048
785
1257
454
473
1278
714
863
1041
423
615
1776
1234
1264
1286
659
1199
1209
519
604
520
1009
1175
1067
389
593
504
528
874
835
1053
1404
838
841
1255
716
776
713
765
1128
1199
1730
427
795
452
1115
802
849
1172
565
599
570
890
969
671
819
441
1192
1204
500
1190
403
461
1015
586
600
529
721
463
920
1631
495
660
661
515
535
1190
408
968
1005
968
969
1249
499
573
1013
866
1310
948
1724
636
1061
1310
638
1033
459
1206
1624
716
865
1790
751
1100
874
1219
510
525
1194
511
628
1600
630
515
963
1027
1003
1045
430
1280
430
643
525
629
749
789
790
828
930
596
1010
1023
642
843
892
707
896
1092
670
1142
1467
707
856
896
1705
710
1353
475
943
577
780
1126
1651
1740
480
584
989
724
725
645
657
956
1116
660
929
1307
1450
577
1292
676
1318
1405
674
714
1420
909
1019
1127
489
1374
729
1131
1165
1024
1102
1269
632
1320
1438
447
1143
672
773
581
612
672
1319
1331
945
998
1052
446
946
826
1548
1727
699
752
1153
1604
681
1323
682
1182
1207
622
993
925
954
804
805
829
971
1033
859
940
977
844
1106
1177
777
1130
1155
1216
673
1645
734
825
1287
820
1084
1607
724
1017
1639
591
1134
595
759
996
1152
1153
1168
469
847
514
962
666
895
707
1277
1329
541
1713
735
736
818
1400
1321
1251
774
698
782
1354
744
783
1818
1656
644
996
1110
1536
1112
1561
1555
1698
720
996
1077
508
688
488
1115
527
658
796
867
837
927
997
513
876
1370
847
957
1170
839
879
1285
848
961
1579
1259
768
1139
631
764
1029
601
1399
635
1665
904
982
988
1107
1552
1722
811
1357
785
1448
553
1483
557
1702
873
1271
558
1136
758
997
1167
1170
848
876
1243
560
884
1024
1343
567
764
1495
1580
1091
1158
1211
738
1035
1119
526
1397
978
987
711
1009
1842
544
633
774
614
830
1107
786
1072
1099
648
869
1257
531
871
554
1799
684
871
840
1169
879
1364
1365
664
808
1034
1046
571
665
1092
1695
975
1494
1616
733
667
1887
635
938
1082
822
736
1411
1571
874
1073
1440
992
1254
1345
551
1221
1220
791
792
1630
753
1807
555
1222
1774
995
1242
1837
655
1510
689
923
560
662
1020
579
963
1028
1385
692
964
1059
596
597
1171
600
999
1187
597
1023
961
1088
1502
1120
663
1696
606
1089
891
1203
1119
770
853
976
938
1042
771
814
824
609
1007
1427
821
859
981
1299
891
1562
1181
1044
1127
619
908
829
1273
1353
1071
678
1074
1181
1557
653
994
1767
1701
656
687
657
679
1154
757
1885
875
1224
1881
1057
1185
1057
999
697
1000
1001
1214
1260
934
968
890
943
1204
973
974
1158
1140
1250
634
778
635
856
904
1329
668
1389
903
1160
942
978
773
1206
1319
943
986
1301
778
1217
1083
1296
744
985
1097
907
956
1208
1051
1123
1339
649
1239
722
1240
654
1242
1828
647
797
1268
691
1153
1459
797
799
877
957
997
1021
1023
1451
662
702
1024
1080
891
1103
762
1145
817
1330
638
736
852
1838
671
822
862
740
1124
1162
662
1420
1227
1057
1148
646
750
1154
679
1016
836
949
867
1132
1439
1708
1725
1706
726
1076
1325
955
1052
1212
1577
700
763
850
1088
1117
1027
1200
1006
1081
809
1081
668
975
1409
696
854
1068
1082
1462
1321
1319
1270
743
784
1489
702
1420
1180
1380
992
1583
1873
870
917
922
754
1760
994
1241
1529
1544
1871
834
1590
1114
1341
1116
1193
1549
1714
1195
1258
843
877
844
958
959
884
1020
1852
964
1186
885
1188
699
1245
761
1022
761
762
975
1029
1415
1415
1118
1160
1058
1214
1347
766
888
976
1007
1352
1383
1080
1446
1143
1160
741
857
860
1105
1038
1206
1663
1143
1405
781
1827
1569
1050
1302
911
1563
1194
1266
752
1101
1542
1582
1223
832
1309
1543
1623
795
1356
787
796
805
806
1353
807
849
888
1059
1060
1291
1156
1281
1347
1094
1164
1039
1040
1123
1263
1697
1715
1831
1042
1043
1330
989
1178
1321
776
865
760
1086
1051
1230
1253
924
1149
945
1350
759
1558
1482
760
872
1133
1101
1886
1137
1266
1152
1478
1155
1392
1020
807
1172
1004
1205
851
892
1049
1121
1367
1588
1008
816
946
821
939
940
1176
1355
1355
895
1161
987
1014
1326
1773
1273
830
1434
1699
1449
1136
1150
789
868
1791
912
1793
1055
1087
1551
1076
1404
924
1346
836
842
1336
1196
1244
842
845
1225
802
1315
1139
1139
1298
886
887
857
935
1004
973
1036
810
1858
1121
1292
1120
1190
813
858
1062
820
1247
1008
1141
1205
1332
1486
1262
897
985
970
1218
858
939
899
898
939
902
984
1095
1429
1782
978
1014
1359
1377
1301
1301
1833
1052
1115
1350
1404
872
1077
1851
1309
1835
955
839
1137
839
1167
1152
1185
1170
1198
878
1244
1337
930
1212
1276
1476
883
884
1298
966
970
1060
936
970
889
1141
990
897
1061
1063
1124
898
941
1175
1366
1318
1389
905
1063
1096
1095
1416
1497
1330
1131
1830
1219
1304
1765
1267
1237
1195
1186
881
926
927
928
958
1196
1173
1078
1138
1225
1189
1198
1088
1248
932
1173
932
933
889
1202
1103
1059
971
1032
1272
1002
1061
1231
1589
1500
1041
899
977
1065
1122
902
1105
1373
1515
1421
1403
908
983
1297
1360
1804
1135
1233
1317
1398
1224
914
950
1778
916
1055
951
1642
1709
1567
1540
1116
1135
1719
1721
956
1391
1290
1350
955
998
1228
929
1226
1259
1138
960
1197
967
934
935
1003
1032
1033
1006
1037
1119
1573
980
1372
1065
1149
1333
1431
1048
1334
1147
1164
1388
1602
1704
1221
1183
1876
1545
1622
1306
962
1197
960
1066
1070
1188
1269
1189
1157
998
1173
1201
1002
1030
1003
1201
1031
972
1034
1090
1090
1035
1037
1215
1371
1105
1572
1729
1011
1012
1011
1124
1519
1733
1693
1803
1208
1843
1418
1800
1302
1460
1094
1147
1211
1015
1238
1470
1193
1001
1025
1364
1026
1392
1159
1031
1140
1118
1570
1148
1464
1047
1412
1043
1700
1477
1073
1289
1860
1584
1136
1194
1290
1306
1079
1228
1079
1245
1118
1246
1058
1260
1261
1261
1264
1664
1089
1142
1204
1060
1359
1036
1232
1091
1144
1176
1144
1295
1282
1501
1283
1513
1208
1333
1376
1377
1069
1218
1069
1274
1075
1132
1574
1087
1101
1280
1093
1191
1205
1215
1177
1566
1191
1258
1484
1825
1178
1326
1792
1254
1537
1274
1212
1324
1253
1156
1250
1089
1299
1361
1302
1147
1328
1523
1148
1620
1617
1278
1104
1200
1231
1619
1279
1233
1468
1597
1554
1710
1108
1308
1528
1328
1797
1265
1290
1156
1140
1397
1289
1485
1349
1284
1339
1376
1220
1643
1288
1556
1222
1772
1275
1382
1872
1247
1280
1299
1348
1232
1401
1296
1386
1265
1129
1159
1209
1734
1179
1334
1184
1166
1315
1262
1231
1461
1216
1217
1380
1488
1762
1314
1381
1219
1287
1268
1307
1291
1279
1332
1338
1553
1712
1369
1380
1568
1384
1167
1875
1169
1195
1370
1185
1187
1316
1343
1754
1331
1338
1342
1496
1370
1240
1637
1306
1268
1243
1650
1265
1241
1337
1259
1385
1324
1277
1333
1298
1393
1249
1839
1363
1716
1210
1846
1378
1228
1245
1364
1344
1394
1322
1394
1636
1305
1635
1276
1227
1244
1307
1261
1277
1286
1267
1376
1373
1379
1424
1327
1335
1530
1285
1340
1365
1472
1586
1287
1258
1352
1365
1248
1399
1292
1293
1294
1591
1354
1471
1285
1375
1546
1585
1270
1393
1300
1390
1606
1382
1358
1291
1359
1717
1356
1336
1279
1344
1648
1463
1655
1314
1391
1406
1351
1781
1346
1480
1621
1798
1426
1770
1389
1541
1581
1351
1511
1874
1363
1796
1560
1392
1360
1423
1320
1845
1405
1377
1316
1324
1348
1371
1409
1343
1349
1413
1384
1362
1718
1362
1802
1378
1406
1534
1358
1388
1346
1435
1408
1379
1390
1342
1358
1605
1387
1381
1360
1366
1407
1379
1414
1367
1386
1599
1598
1373
1628
1372
1398
1412
1654
1372
1396
1633
1385
1390
1397
1410
1424
1595
1641
1414
1413
1403
1410
1418
1594
1416
1527
1413
1417
1758
1418
1419
1809
1425
1425
1417
1531
1414
1415
1427
1417
1795
1646
1479
1421
1427
1841
1426
1789
1426
1425
1429
1844
1431
1639
1649
1533
1680
1747
1921
1925
1650
1651
1446
1498
1449
1867
1448
1868
1628
1734
1445
1504
1444
1530
1526
1528
1493
1703
1891
1625
1454
1464
1880
1453
1496
1587
1731
1741
1891
1480
1878
1596
1696
1483
1863
1482
1864
1484
1865
1484
1501
1739
1573
1652
1573
1626
1892
1580
1537
1619
1738
1619
1587
1731
1627
1627
1869
1492
1633
1585
1581
1582
1641
1644
1646
1922
1648
1883
1862
1861
1937
1650
1656
1654
1655
1645
1646
1634
1881
1878
1664
1664
1665
1693
1575
1845
1887
1924
1695
1696
1728
1713
1700
1718
1698
1706
1704
1717
1721
1716
1699
1697
1729
1701
1708
1702
1712
1715
1709
1730
1724
1725
1707
1705
1723
1716
1714
1718
1722
1710
1727
1734
1618
1894
1743
1743
1597
1659
1771
1801
1761
1805
1808
1808
1801
1759
1667
1816
1666
1815
1670
1837
1669
1835
1680
1817
1668
1833
1671
1822
1674
1818
1688
1829
1684
1821
1673
1834
1677
1832
1691
1841
1681
1828
1687
1820
1676
1839
1682
1830
1678
1831
1686
1826
1690
1825
1672
1823
1679
1824
1683
1827
1675
1843
1689
1838
1685
1842
1867
1845
1846
1649
1852
1852
1853
1854
1855
1854
1855
1853
1858
1858
1634
1622
1856
1623
1857
1632
1866
1657
1873
1877
1875
1604
1871
1603
1872
1865
1872
1607
1875
1612
1874
1615
1877
1614
1613
1876
1864
1863
1873
1658
1887
1886
1740
1892
1922
1850
1849
1640
1891
1653
1879
1922
1883
1638
1642
1882
1737
1892
1658
1936
1738
1847
1847
1886
1924
1762
1771
1761
1796
1759
1802
1737
1739
1694
1905
1906
1899
1918
1901
1900
1907
1898
1917
1896
1908
1903
1897
1902
1919
1916
1904
1909
1915
1895
1912
1911
1914
1910
1920
1913
1924
1936
1695
1901
1897
1896
1895
1900
1912
1904
1906
1905
1898
1899
1711
1903
1719
1907
1909
1916
1726
1902
1726
1908
1910
1915
1918
1911
1917
1919
1914
1920
1913
1741
1742
1850
1856
1849
1857
1880
1884
1870
1893
1868
1867
1819
1902
1910
1836
1899
1917
1840
1901
1916
1930
1767
1811
1905
1782
1812
1904
1778
1813
1906
1769
1814
1913
1755
1765
1799
1758
1784
1789
1773
1776
1770
1786
1789
1760
1765
1780
1813
1894
1764
1772
1774
1792
1797
1806
1773
1787
1792
1806
1783
1787
1779
1791
1793
1780
1784
1786
1784
1782
1785
1798
1785
1794
1788
1799
1794
1811
1812
1794
1893
1810
1933
1810
1934
1810
1814
1815
1830
1816
1841
1836
1824
1838
1840
1836
1840
1935
1932
1885
1879
1859
1921
1860
1937
1934
1930
1889
1888
1890
1923
1880
1890
1888
1889
1879
1926
1925
1928
1926
1885
1894
1931
1937
1936
1931
1932
1935
1933
1932
1935
1934
)


// ************************************************************************* //
