/*--------------------------------*- C++ -*----------------------------------*\
  =========                 |
  \\      /  F ield         | OpenFOAM: The Open Source CFD Toolbox
   \\    /   O peration     | Website:  https://openfoam.org
    \\  /    A nd           | Version:  11
     \\/     M anipulation  |
\*---------------------------------------------------------------------------*/
FoamFile
{
    format      ascii;
    class       vectorField;
    location    "constant/polyMesh";
    object      points;
}
// * * * * * * * * * * * * * * * * * * * * * * * * * * * * * * * * * * * * * //


2098
(
(0 0 0)
(0.3 0 0)
(0.3 0.3 0)
(0 0.3 0)
(0.1 0.1 0)
(0.2 0.1 0)
(0.2 0.2 0)
(0.1 0.2 0)
(0 0.3 1)
(0 0 1)
(0.3 0 1)
(0.3 0.3 1)
(0.1 0.2 1)
(0.1 0.1 1)
(0.2 0.1 1)
(0.2 0.2 1)
(0.29 0.3 0)
(0.28 0.3 0)
(0.27 0.3 0)
(0.26 0.3 0)
(0.25 0.3 0)
(0.24 0.3 0)
(0.23 0.3 0)
(0.22 0.3 0)
(0.21 0.3 0)
(0.2 0.3 0)
(0.19 0.3 0)
(0.18 0.3 0)
(0.17 0.3 0)
(0.16 0.3 0)
(0.15 0.3 0)
(0.14 0.3 0)
(0.13 0.3 0)
(0.12 0.3 0)
(0.11 0.3 0)
(0.1 0.3 0)
(0.09 0.3 0)
(0.08 0.3 0)
(0.07 0.3 0)
(0.06 0.3 0)
(0.05 0.3 0)
(0.04 0.3 0)
(0.03 0.3 0)
(0.02 0.3 0)
(0.01 0.3 0)
(0 0.29 0)
(0 0.28 0)
(0 0.27 0)
(0 0.26 0)
(0 0.25 0)
(0 0.24 0)
(0 0.23 0)
(0 0.22 0)
(0 0.21 0)
(0 0.2 0)
(0 0.19 0)
(0 0.18 0)
(0 0.17 0)
(0 0.16 0)
(0 0.15 0)
(0 0.14 0)
(0 0.13 0)
(0 0.12 0)
(0 0.11 0)
(0 0.1 0)
(0 0.09 0)
(0 0.08 0)
(0 0.07 0)
(0 0.06 0)
(0 0.05 0)
(0 0.04 0)
(0 0.03 0)
(0 0.02 0)
(0 0.01 0)
(0.01 0 0)
(0.02 0 0)
(0.03 0 0)
(0.04 0 0)
(0.05 0 0)
(0.06 0 0)
(0.07 0 0)
(0.08 0 0)
(0.09 0 0)
(0.1 0 0)
(0.11 0 0)
(0.12 0 0)
(0.13 0 0)
(0.14 0 0)
(0.15 0 0)
(0.16 0 0)
(0.17 0 0)
(0.18 0 0)
(0.19 0 0)
(0.2 0 0)
(0.21 0 0)
(0.22 0 0)
(0.23 0 0)
(0.24 0 0)
(0.25 0 0)
(0.26 0 0)
(0.27 0 0)
(0.28 0 0)
(0.29 0 0)
(0.3 0.01 0)
(0.3 0.02 0)
(0.3 0.03 0)
(0.3 0.04 0)
(0.3 0.05 0)
(0.3 0.06 0)
(0.3 0.07 0)
(0.3 0.08 0)
(0.3 0.09 0)
(0.3 0.1 0)
(0.3 0.11 0)
(0.3 0.12 0)
(0.3 0.13 0)
(0.3 0.14 0)
(0.3 0.15 0)
(0.3 0.16 0)
(0.3 0.17 0)
(0.3 0.18 0)
(0.3 0.19 0)
(0.3 0.2 0)
(0.3 0.21 0)
(0.3 0.22 0)
(0.3 0.23 0)
(0.3 0.24 0)
(0.3 0.25 0)
(0.3 0.26 0)
(0.3 0.27 0)
(0.3 0.28 0)
(0.3 0.29 0)
(0.19 0.2 0)
(0.18 0.2 0)
(0.17 0.2 0)
(0.16 0.2 0)
(0.15 0.2 0)
(0.14 0.2 0)
(0.13 0.2 0)
(0.12 0.2 0)
(0.11 0.2 0)
(0.1 0.19 0)
(0.1 0.18 0)
(0.1 0.17 0)
(0.1 0.16 0)
(0.1 0.15 0)
(0.1 0.14 0)
(0.1 0.13 0)
(0.1 0.12 0)
(0.1 0.11 0)
(0.11 0.1 0)
(0.12 0.1 0)
(0.13 0.1 0)
(0.14 0.1 0)
(0.15 0.1 0)
(0.16 0.1 0)
(0.17 0.1 0)
(0.18 0.1 0)
(0.19 0.1 0)
(0.2 0.11 0)
(0.2 0.12 0)
(0.2 0.13 0)
(0.2 0.14 0)
(0.2 0.15 0)
(0.2 0.16 0)
(0.2 0.17 0)
(0.2 0.18 0)
(0.2 0.19 0)
(0 0.29 1)
(0 0.28 1)
(0 0.27 1)
(0 0.26 1)
(0 0.25 1)
(0 0.24 1)
(0 0.23 1)
(0 0.22 1)
(0 0.21 1)
(0 0.2 1)
(0 0.19 1)
(0 0.18 1)
(0 0.17 1)
(0 0.16 1)
(0 0.15 1)
(0 0.14 1)
(0 0.13 1)
(0 0.12 1)
(0 0.11 1)
(0 0.1 1)
(0 0.09 1)
(0 0.08 1)
(0 0.07 1)
(0 0.06 1)
(0 0.05 1)
(0 0.04 1)
(0 0.03 1)
(0 0.02 1)
(0 0.01 1)
(0.01 0 1)
(0.02 0 1)
(0.03 0 1)
(0.04 0 1)
(0.05 0 1)
(0.06 0 1)
(0.07 0 1)
(0.08 0 1)
(0.09 0 1)
(0.1 0 1)
(0.11 0 1)
(0.12 0 1)
(0.13 0 1)
(0.14 0 1)
(0.15 0 1)
(0.16 0 1)
(0.17 0 1)
(0.18 0 1)
(0.19 0 1)
(0.2 0 1)
(0.21 0 1)
(0.22 0 1)
(0.23 0 1)
(0.24 0 1)
(0.25 0 1)
(0.26 0 1)
(0.27 0 1)
(0.28 0 1)
(0.29 0 1)
(0.3 0.01 1)
(0.3 0.02 1)
(0.3 0.03 1)
(0.3 0.04 1)
(0.3 0.05 1)
(0.3 0.06 1)
(0.3 0.07 1)
(0.3 0.08 1)
(0.3 0.09 1)
(0.3 0.1 1)
(0.3 0.11 1)
(0.3 0.12 1)
(0.3 0.13 1)
(0.3 0.14 1)
(0.3 0.15 1)
(0.3 0.16 1)
(0.3 0.17 1)
(0.3 0.18 1)
(0.3 0.19 1)
(0.3 0.2 1)
(0.3 0.21 1)
(0.3 0.22 1)
(0.3 0.23 1)
(0.3 0.24 1)
(0.3 0.25 1)
(0.3 0.26 1)
(0.3 0.27 1)
(0.3 0.28 1)
(0.3 0.29 1)
(0.29 0.3 1)
(0.28 0.3 1)
(0.27 0.3 1)
(0.26 0.3 1)
(0.25 0.3 1)
(0.24 0.3 1)
(0.23 0.3 1)
(0.22 0.3 1)
(0.21 0.3 1)
(0.2 0.3 1)
(0.19 0.3 1)
(0.18 0.3 1)
(0.17 0.3 1)
(0.16 0.3 1)
(0.15 0.3 1)
(0.14 0.3 1)
(0.13 0.3 1)
(0.12 0.3 1)
(0.11 0.3 1)
(0.1 0.3 1)
(0.09 0.3 1)
(0.08 0.3 1)
(0.07 0.3 1)
(0.06 0.3 1)
(0.05 0.3 1)
(0.04 0.3 1)
(0.03 0.3 1)
(0.02 0.3 1)
(0.01 0.3 1)
(0.1 0.19 1)
(0.1 0.18 1)
(0.1 0.17 1)
(0.1 0.16 1)
(0.1 0.15 1)
(0.1 0.14 1)
(0.1 0.13 1)
(0.1 0.12 1)
(0.1 0.11 1)
(0.11 0.1 1)
(0.12 0.1 1)
(0.13 0.1 1)
(0.14 0.1 1)
(0.15 0.1 1)
(0.16 0.1 1)
(0.17 0.1 1)
(0.18 0.1 1)
(0.19 0.1 1)
(0.2 0.11 1)
(0.2 0.12 1)
(0.2 0.13 1)
(0.2 0.14 1)
(0.2 0.15 1)
(0.2 0.16 1)
(0.2 0.17 1)
(0.2 0.18 1)
(0.2 0.19 1)
(0.19 0.2 1)
(0.18 0.2 1)
(0.17 0.2 1)
(0.16 0.2 1)
(0.15 0.2 1)
(0.14 0.2 1)
(0.13 0.2 1)
(0.12 0.2 1)
(0.11 0.2 1)
(0.23453 0.290593 0)
(0.00857499 0.234852 0)
(0.065 0.00772626 0)
(0.291546 0.0650643 0)
(0.292174 0.235176 0)
(0.234908 0.00888543 0)
(0.00866025 0.065 0)
(0.0650643 0.291546 0)
(0.205 0.29134 0)
(0.00866025 0.205 0)
(0.0948236 0.00782625 0)
(0.291669 0.095 0)
(0.0913397 0.115 0)
(0.184613 0.091563 0)
(0.20866 0.195 0)
(0.209107 0.205 0)
(0.105 0.20866 0)
(0.095 0.20866 0)
(0.135464 0.208668 0)
(0.00950001 0.146391 0)
(0.125 0.00866025 0)
(0.154824 0.00782625 0)
(0.00844651 0.175401 0)
(0.175 0.29134 0)
(0.29134 0.125 0)
(0.291949 0.154506 0)
(0.00866025 0.095 0)
(0.205 0.00866025 0)
(0.105 0.0913397 0)
(0.095 0.0913397 0)
(0.115 0.29134 0)
(0.292647 0.184506 0)
(0.20866 0.105 0)
(0.20866 0.095 0)
(0.145 0.29134 0)
(0.20866 0.165 0)
(0.165131 0.208891 0)
(0.0911087 0.165131 0)
(0.135 0.0913397 0)
(0.20866 0.135 0)
(0.217395 0.2 0)
(0.217407 0.21 0)
(0.209196 0.215 0)
(0.1 0.217321 0)
(0.09 0.217321 0)
(0.085 0.20866 0)
(0.08 0.217321 0)
(0.217424 0.22 0)
(0.1 0.0826795 0)
(0.09 0.0826795 0)
(0.217321 0.1 0)
(0.217321 0.09 0)
(0.075 0.20866 0)
(0.208767 0.225 0)
(0.225988 0.205 0)
(0.095 0.225981 0)
(0.095 0.0740192 0)
(0.085 0.0740192 0)
(0.08 0.0826795 0)
(0.075 0.0740192 0)
(0.225981 0.095 0)
(0.225981 0.085 0)
(0.217321 0.08 0)
(0.225981 0.075 0)
(0.217356 0.23 0)
(0.07 0.217321 0)
(0.217321 0.07 0)
(0.07 0.0826795 0)
(0.291949 0.265494 0)
(0.035 0.292323 0)
(0.00866025 0.035 0)
(0.265 0.00866025 0)
(0.065 0.20866 0)
(0.208684 0.235 0)
(0.08 0.065359 0)
(0.07 0.065359 0)
(0.234641 0.08 0)
(0.234641 0.07 0)
(0.0603078 0.217498 0)
(0.0650513 0.22601 0)
(0.21733 0.24 0)
(0.225988 0.235 0)
(0.225994 0.195 0)
(0.234644 0.2 0)
(0.234644 0.19 0)
(0.105 0.0740192 0)
(0.225981 0.105 0)
(0.105 0.225981 0)
(0.1 0.234641 0)
(0.11 0.234641 0)
(0.0537578 0.209571 0)
(0.059793 0.200152 0)
(0.208666 0.245 0)
(0.200005 0.24 0)
(0.243302 0.195 0)
(0.243302 0.185 0)
(0.243302 0.205 0)
(0.105 0.243301 0)
(0.115 0.243301 0)
(0.095 0.243301 0)
(0.243301 0.075 0)
(0.243301 0.065 0)
(0.075 0.0566987 0)
(0.065 0.0566987 0)
(0.225984 0.245 0)
(0.234643 0.24 0)
(0.0553676 0.226193 0)
(0.0600698 0.234681 0)
(0.05 0.2 0)
(0.0549655 0.191365 0)
(0.2 0.25 0)
(0.191341 0.245 0)
(0.265092 0.291115 0)
(0.00888543 0.265092 0)
(0.292173 0.0351807 0)
(0.0351764 0.00782625 0)
(0.234642 0.25 0)
(0.243302 0.245 0)
(0.0503027 0.234816 0)
(0.0550621 0.243337 0)
(0.251962 0.2 0)
(0.1 0.251962 0)
(0.06 0.065359 0)
(0.055 0.0566987 0)
(0.05 0.065359 0)
(0.234641 0.1 0)
(0.234641 0.11 0)
(0.243301 0.105 0)
(0.243301 0.115 0)
(0.251962 0.11 0)
(0.251962 0.12 0)
(0.0913397 0.135 0)
(0.09 0.251962 0)
(0.185 0.00866025 0)
(0.00866025 0.115 0)
(0.234641 0.06 0)
(0.243301 0.055 0)
(0.234641 0.05 0)
(0.165 0.0913397 0)
(0.291546 0.215064 0)
(0.243301 0.125 0)
(0.251962 0.13 0)
(0.243301 0.135 0)
(0.251962 0.14 0)
(0.243301 0.145 0)
(0.251962 0.15 0)
(0.1 0.065359 0)
(0.11 0.065359 0)
(0.105 0.0566987 0)
(0.115 0.0566987 0)
(0.11 0.0480385 0)
(0.12 0.0480385 0)
(0.125 0.0566987 0)
(0.13 0.0480385 0)
(0.135 0.0566987 0)
(0.14 0.0480385 0)
(0.145 0.0566987 0)
(0.15 0.0480385 0)
(0.155 0.0566987 0)
(0.16 0.0480385 0)
(0.165 0.0566987 0)
(0.17 0.0480385 0)
(0.175 0.0566987 0)
(0.18 0.0480385 0)
(0.251962 0.21 0)
(0.243301 0.255 0)
(0.251962 0.25 0)
(0.0452906 0.243469 0)
(0.0500588 0.251995 0)
(0.243301 0.045 0)
(0.251962 0.05 0)
(0.045 0.0566987 0)
(0.05 0.0480385 0)
(0.225981 0.255 0)
(0.0446183 0.22576 0)
(0.0449942 0.191344 0)
(0.0499933 0.182684 0)
(0.191328 0.254979 0)
(0.182678 0.249997 0)
(0.251962 0.07 0)
(0.095 0.260622 0)
(0.07 0.0480385 0)
(0.085 0.260622 0)
(0.105 0.260622 0)
(0.191341 0.235 0)
(0.0649597 0.191369 0)
(0.184684 0.0565163 0)
(0.189631 0.0478256 0)
(0.251822 0.259758 0)
(0.0405697 0.25229 0)
(0.04 0.0480385 0)
(0.251962 0.04 0)
(0.234641 0.04 0)
(0.225981 0.045 0)
(0.04 0.065359 0)
(0.045 0.0740192 0)
(0.0351036 0.0740791 0)
(0.0400173 0.0826895 0)
(0.22622 0.035 0)
(0.260599 0.25496 0)
(0.260618 0.244993 0)
(0.260622 0.045 0)
(0.0451048 0.260682 0)
(0.165 0.0393782 0)
(0.135 0.0393782 0)
(0.045 0.0393782 0)
(0.26015 0.134753 0)
(0.260622 0.205 0)
(0.260622 0.195 0)
(0.115 0.0393782 0)
(0.105 0.0393782 0)
(0.260622 0.115 0)
(0.260622 0.105 0)
(0.0399979 0.182681 0)
(0.0449985 0.17402 0)
(0.0549986 0.17402 0)
(0.05 0.165359 0)
(0.0399998 0.165359 0)
(0.045 0.156699 0)
(0.055 0.156699 0)
(0.05 0.148038 0)
(0.06 0.148038 0)
(0.055 0.139378 0)
(0.045 0.139378 0)
(0.05 0.130718 0)
(0.04 0.130718 0)
(0.045 0.122058 0)
(0.055 0.122058 0)
(0.05 0.113727 0)
(0.039753 0.114622 0)
(0.059753 0.113595 0)
(0.182322 0.259483 0)
(0.173967 0.254917 0)
(0.17401 0.244986 0)
(0.165349 0.249984 0)
(0.165573 0.259417 0)
(0.156733 0.2549 0)
(0.156703 0.244981 0)
(0.148045 0.24998 0)
(0.14804 0.239993 0)
(0.148045 0.25998 0)
(0.0404576 0.199912 0)
(0.200154 0.259686 0)
(0.243301 0.155 0)
(0.251962 0.16 0)
(0.0550195 0.260633 0)
(0.234642 0.18 0)
(0.119949 0.234612 0)
(0.234641 0.15 0)
(0.15 0.065359 0)
(0.260622 0.215 0)
(0.20866 0.075 0)
(0.184939 0.0393428 0)
(0.194928 0.0393368 0)
(0.095 0.29134 0)
(0.260622 0.155 0)
(0.260622 0.165 0)
(0.0649588 0.122091 0)
(0.0500207 0.269294 0)
(0.11 0.0310474 0)
(0.269282 0.2 0)
(0.269278 0.249992 0)
(0.269139 0.109753 0)
(0.075 0.0913397 0)
(0.0544649 0.106133 0)
(0.200126 0.0490993 0)
(0.035 0.156699 0)
(0.139434 0.255087 0)
(0.13928 0.264823 0)
(0.243224 0.264866 0)
(0.0344147 0.242789 0)
(0.1567 0.234996 0)
(0.065 0.156699 0)
(0.259613 0.264515 0)
(0.035 0.0393782 0)
(0.0352134 0.260496 0)
(0.260622 0.0349977 0)
(0.183902 0.209517 0)
(0.090943 0.184082 0)
(0.0301282 0.0479645 0)
(0.25198 0.0299621 0)
(0.251962 0.08 0)
(0.260622 0.075 0)
(0.0700103 0.234647 0)
(0.115 0.0740192 0)
(0.225981 0.115 0)
(0.179947 0.0653286 0)
(0.08 0.0480385 0)
(0.075 0.0393782 0)
(0.234643 0.23 0)
(0.06 0.269282 0)
(0.269281 0.239998 0)
(0.1 0.0307729 0)
(0.269282 0.19 0)
(0.269116 0.100206 0)
(0.130566 0.259043 0)
(0.130346 0.269948 0)
(0.148039 0.229998 0)
(0.07 0.148038 0)
(0.0301238 0.082751 0)
(0.147352 0.269186 0)
(0.03 0.165359 0)
(0.069705 0.113905 0)
(0.269281 0.0400018 0)
(0.269282 0.0500003 0)
(0.269289 0.0299966 0)
(0.189978 0.0307052 0)
(0.199984 0.0307089 0)
(0.0350235 0.0913533 0)
(0.1 0.269282 0)
(0.269282 0.16 0)
(0.04 0.030718 0)
(0.05 0.030718 0)
(0.03 0.030718 0)
(0.284958 0.00840007 0)
(0.291563 0.284613 0)
(0.00829497 0.0150593 0)
(0.0153868 0.291563 0)
(0.11 0.269282 0)
(0.269282 0.17 0)
(0.234641 0.16 0)
(0.0650032 0.260624 0)
(0.12 0.0309038 0)
(0.035 0.139378 0)
(0.03 0.130718 0)
(0.179986 0.0307099 0)
(0.225981 0.155 0)
(0.08 0.251962 0)
(0.225981 0.165 0)
(0.234641 0.13 0)
(0.0500029 0.0826812 0)
(0.0306957 0.0652949 0)
(0.260622 0.175 0)
(0.268649 0.119465 0)
(0.234718 0.0299357 0)
(0.225932 0.0251695 0)
(0.268441 0.149753 0)
(0.251962 0.22 0)
(0.225981 0.145 0)
(0.13 0.065359 0)
(0.0700005 0.269282 0)
(0.191249 0.064821 0)
(0.0747077 0.122011 0)
(0.199656 0.21856 0)
(0.0799183 0.200047 0)
(0.025 0.156699 0)
(0.216119 0.039521 0)
(0.217321 0.05 0)
(0.138478 0.234792 0)
(0.208828 0.0647099 0)
(0.125 0.243301 0)
(0.156699 0.225 0)
(0.165359 0.229999 0)
(0.075 0.156699 0)
(0.07 0.165359 0)
(0.2001 0.0893998 0)
(0.0900442 0.0994743 0)
(0.277613 0.195 0)
(0.045247 0.0222003 0)
(0.105176 0.0229375 0)
(0.0550035 0.277615 0)
(0.276957 0.104993 0)
(0.105 0.277942 0)
(0.277613 0.165 0)
(0.277798 0.0452495 0)
(0.195 0.0220577 0)
(0.277799 0.245245 0)
(0.1481 0.220104 0)
(0.0798956 0.1481 0)
(0.0251795 0.139482 0)
(0.0185388 0.130323 0)
(0.0251006 0.122148 0)
(0.260594 0.0950343 0)
(0.268778 0.090287 0)
(0.260622 0.065 0)
(0.269282 0.07 0)
(0.243301 0.175 0)
(0.243301 0.095 0)
(0.065 0.0393782 0)
(0.07 0.030718 0)
(0.08 0.030718 0)
(0.075 0.0223871 0)
(0.217321 0.15 0)
(0.095 0.0393874 0)
(0.185199 0.0739245 0)
(0.175024 0.0739984 0)
(0.095 0.0566987 0)
(0.260621 0.234998 0)
(0.269282 0.229999 0)
(0.0699855 0.130717 0)
(0.277588 0.25504 0)
(0.277589 0.0550416 0)
(0.045251 0.277747 0)
(0.277558 0.205 0)
(0.084753 0.0222552 0)
(0.277745 0.174753 0)
(0.0550412 0.0224109 0)
(0.065 0.0910103 0)
(0.0252341 0.0912329 0)
(0.0202467 0.0834943 0)
(0.029796 0.0998419 0)
(0.114653 0.260822 0)
(0.0199621 0.165009 0)
(0.0248001 0.173466 0)
(0.204849 0.02271 0)
(0.095 0.277942 0)
(0.114936 0.277736 0)
(0.039476 0.0993663 0)
(0.193611 0.0741449 0)
(0.0149863 0.156216 0)
(0.0505363 0.285208 0)
(0.0698236 0.0991268 0)
(0.285212 0.0505425 0)
(0.285212 0.250541 0)
(0.0794649 0.014793 0)
(0.285207 0.169465 0)
(0.284802 0.2 0)
(0.0505419 0.0147878 0)
(0.0185326 0.10005 0)
(0.0249815 0.108072 0)
(0.0814111 0.130478 0)
(0.209952 0.0307293 0)
(0.08 0.113397 0)
(0.21577 0.0214588 0)
(0.165321 0.219748 0)
(0.174013 0.224958 0)
(0.174103 0.214992 0)
(0.182679 0.22 0)
(0.0802517 0.165321 0)
(0.0750419 0.174013 0)
(0.0851078 0.174371 0)
(0.0801004 0.183018 0)
(0.234757 0.0197015 0)
(0.225362 0.0155263 0)
(0.244225 0.0146591 0)
(0.215749 0.00967186 0)
(0.156374 0.215047 0)
(0.0849527 0.156374 0)
(0.146831 0.209627 0)
(0.0903734 0.146784 0)
(0.243524 0.024614 0)
(0.252479 0.0197537 0)
(0.260663 0.0251382 0)
(0.269743 0.0185449 0)
(0.277894 0.0250943 0)
(0.260622 0.185 0)
(0.269223 0.060007 0)
(0.277754 0.0650021 0)
(0.276743 0.0752473 0)
(0.0200632 0.147919 0)
(0.0650002 0.277757 0)
(0.075 0.277764 0)
(0.182679 0.229993 0)
(0.260622 0.085 0)
(0.277382 0.184712 0)
(0.291621 0.275265 0)
(0.282906 0.280227 0)
(0.283738 0.290832 0)
(0.274019 0.285 0)
(0.275365 0.275038 0)
(0.265976 0.280062 0)
(0.255885 0.285289 0)
(0.25814 0.274561 0)
(0.247816 0.280434 0)
(0.119395 0.26945 0)
(0.0650035 0.0224519 0)
(0.0248175 0.291683 0)
(0.0197871 0.282917 0)
(0.00917044 0.28374 0)
(0.015 0.274019 0)
(0.0249645 0.275366 0)
(0.0199382 0.265976 0)
(0.0147114 0.255885 0)
(0.0260191 0.257267 0)
(0.0195662 0.247816 0)
(0.185 0.0220577 0)
(0.175 0.0220577 0)
(0.27495 0.00863532 0)
(0.0300404 0.148036 0)
(0.0252522 0.039278 0)
(0.0193717 0.0486587 0)
(0.0185932 0.0301292 0)
(0.025 0.0220577 0)
(0.0650086 0.243306 0)
(0.00862385 0.0250314 0)
(0.17 0.065359 0)
(0.165004 0.0740158 0)
(0.19134 0.225 0)
(0.0600005 0.0826249 0)
(0.0547536 0.090804 0)
(0.00866025 0.055 0)
(0.0171962 0.0599926 0)
(0.0164001 0.0693935 0)
(0.00884619 0.0445849 0)
(0.174019 0.234997 0)
(0.234628 0.259978 0)
(0.225979 0.264996 0)
(0.21732 0.259999 0)
(0.21732 0.269999 0)
(0.22598 0.274999 0)
(0.217441 0.27979 0)
(0.206973 0.274784 0)
(0.225819 0.284781 0)
(0.234093 0.27975 0)
(0.216443 0.290301 0)
(0.125 0.0394092 0)
(0.13 0.0310835 0)
(0.14 0.0307789 0)
(0.134753 0.0229695 0)
(0.144712 0.0223624 0)
(0.149952 0.0307789 0)
(0.154697 0.0225882 0)
(0.13917 0.0150897 0)
(0.251962 0.17 0)
(0.277449 0.235287 0)
(0.277567 0.225024 0)
(0.085 0.29134 0)
(0.00866025 0.195 0)
(0.0172957 0.2 0)
(0.0173164 0.21 0)
(0.0170193 0.190464 0)
(0.025696 0.204971 0)
(0.0261066 0.214982 0)
(0.0173408 0.219997 0)
(0.0260051 0.224996 0)
(0.0352011 0.220192 0)
(0.0345998 0.230696 0)
(0.0259808 0.235 0)
(0.0442238 0.21536 0)
(0.0355359 0.208898 0)
(0.114992 0.225976 0)
(0.124493 0.226194 0)
(0.119914 0.217355 0)
(0.0599998 0.165359 0)
(0.00821723 0.0743973 0)
(0.195 0.00866025 0)
(0.234641 0.09 0)
(0.260612 0.0550012 0)
(0.034966 0.173928 0)
(0.0294052 0.181533 0)
(0.075 0.29134 0)
(0.182678 0.239995 0)
(0.0895179 0.200278 0)
(0.160001 0.0653584 0)
(0.155001 0.0740186 0)
(0.145 0.0740191 0)
(0.15 0.0826794 0)
(0.160001 0.0826788 0)
(0.00945531 0.246095 0)
(0.00864942 0.224975 0)
(0.00985206 0.0843565 0)
(0.0172267 0.229822 0)
(0.217335 0.19 0)
(0.225986 0.185 0)
(0.217324 0.18 0)
(0.13949 0.224293 0)
(0.194475 0.209056 0)
(0.169998 0.0307166 0)
(0.245679 0.29097 0)
(0.0550006 0.0740104 0)
(0.055 0.0393782 0)
(0.0650067 0.174018 0)
(0.00867567 0.125054 0)
(0.00866025 0.135 0)
(0.115247 0.00851767 0)
(0.120041 0.0163627 0)
(0.253856 0.00938921 0)
(0.125 0.0913397 0)
(0.13 0.0826795 0)
(0.115 0.0913397 0)
(0.174936 0.091377 0)
(0.20866 0.125 0)
(0.217321 0.13 0)
(0.20866 0.115 0)
(0.0750103 0.225987 0)
(0.08 0.234641 0)
(0.0750008 0.243302 0)
(0.234643 0.21 0)
(0.251962 0.19 0)
(0.125 0.291669 0)
(0.135 0.291395 0)
(0.140695 0.283143 0)
(0.150343 0.283324 0)
(0.13047 0.281682 0)
(0.155057 0.291447 0)
(0.16022 0.282893 0)
(0.291537 0.085247 0)
(0.284075 0.0905351 0)
(0.291526 0.105 0)
(0.0403453 0.269098 0)
(0.0353404 0.276653 0)
(0.033882 0.191148 0)
(0.195 0.29134 0)
(0.200227 0.282984 0)
(0.190038 0.28273 0)
(0.195752 0.274609 0)
(0.18549 0.274402 0)
(0.180088 0.282752 0)
(0.174598 0.273279 0)
(0.185021 0.29136 0)
(0.291877 0.0752988 0)
(0.0352655 0.0566017 0)
(0.00866025 0.105 0)
(0.2917 0.115 0)
(0.283558 0.119824 0)
(0.283155 0.129971 0)
(0.291419 0.134995 0)
(0.282679 0.14 0)
(0.275406 0.134501 0)
(0.00856203 0.185166 0)
(0.234641 0.14 0)
(0.174987 0.0393707 0)
(0.09 0.269282 0)
(0.234641 0.17 0)
(0.243301 0.165 0)
(0.12 0.0826795 0)
(0.105 0.29134 0)
(0.0254315 0.00782023 0)
(0.175 0.00866025 0)
(0.164985 0.00825574 0)
(0.251957 0.100006 0)
(0.225982 0.175 0)
(0.217321 0.17 0)
(0.0446319 0.0910065 0)
(0.0912788 0.125286 0)
(0.109984 0.217325 0)
(0.199965 0.22976 0)
(0.276837 0.154618 0)
(0.292179 0.0254391 0)
(0.208661 0.175 0)
(0.09 0.234641 0)
(0.0850001 0.243301 0)
(0.217324 0.25 0)
(0.0400067 0.148038 0)
(0.251956 0.0900067 0)
(0.00866114 0.214995 0)
(0.105259 0.00802798 0)
(0.1 0.04804 0)
(0.165356 0.23999 0)
(0.165046 0.291393 0)
(0.09 0.065359 0)
(0.06 0.0480385 0)
(0.291597 0.14467 0)
(0.208663 0.185 0)
(0.0352881 0.022551 0)
(0.169992 0.282613 0)
(0.164066 0.274232 0)
(0.225989 0.215 0)
(0.243302 0.215 0)
(0.25196 0.0600002 0)
(0.234401 0.2697 0)
(0.20866 0.155 0)
(0.0850017 0.225982 0)
(0.217348 0.0599517 0)
(0.225985 0.0649919 0)
(0.225986 0.0549906 0)
(0.208687 0.254948 0)
(0.0650002 0.0740087 0)
(0.14 0.065359 0)
(0.268908 0.259671 0)
(0.276408 0.264958 0)
(0.00946716 0.164843 0)
(0.234641 0.12 0)
(0.269218 0.21 0)
(0.0850074 0.0912521 0)
(0.243301 0.235 0)
(0.291931 0.225029 0)
(0.20866 0.145 0)
(0.11 0.0826795 0)
(0.190972 0.083633 0)
(0.2433 0.0850011 0)
(0.225981 0.135 0)
(0.260295 0.124623 0)
(0.0349936 0.122201 0)
(0.243354 0.0349186 0)
(0.225981 0.125 0)
(0.217321 0.12 0)
(0.0700181 0.18274 0)
(0.125032 0.208664 0)
(0.0599931 0.182694 0)
(0.085 0.0566987 0)
(0.08024 0.099293 0)
(0.20866 0.055 0)
(0.200495 0.0595823 0)
(0.115 0.20866 0)
(0.217321 0.11 0)
(0.0699452 0.200038 0)
(0.251962 0.18 0)
(0.109942 0.251995 0)
(0.13096 0.218389 0)
(0.260074 0.144918 0)
(0.144992 0.0393985 0)
(0.157808 0.265617 0)
(0.226007 0.225 0)
(0.269156 0.179911 0)
(0.268669 0.080089 0)
(0.164974 0.0224363 0)
(0.217321 0.14 0)
(0.09 0.0480403 0)
(0.0749086 0.191472 0)
(0.217321 0.16 0)
(0.155 0.0393782 0)
(0.20866 0.265 0)
(0.251961 0.239999 0)
(0.139588 0.245338 0)
(0.0599907 0.130723 0)
(0.121303 0.252978 0)
(0.12 0.065359 0)
(0.180124 0.0828626 0)
(0.125 0.0740192 0)
(0.06 0.030718 0)
(0.085 0.277764 0)
(0.234647 0.22 0)
(0.0750006 0.260622 0)
(0.208691 0.0850191 0)
(0.243303 0.225 0)
(0.205079 0.0393397 0)
(0.170015 0.082712 0)
(0.0600129 0.251969 0)
(0.085 0.03938 0)
(0.135 0.0740192 0)
(0.16 0.030718 0)
(0.064996 0.139379 0)
(0.0899588 0.0307619 0)
(0.251962 0.23 0)
(0.145 0.0913397 0)
(0.260622 0.225 0)
(0.155 0.0913396 0)
(0.0700044 0.251964 0)
(0.0947344 0.0227232 0)
(0.14 0.0826794 0)
(0.075 0.139378 0)
(0.08 0.269282 0)
(0.269209 0.220004 0)
(0.277531 0.215002 0)
(0.27744 0.03531 0)
(0.19099 0.26556 0)
(0.0250634 0.195692 0)
(0.0183952 0.180852 0)
(0.128789 0.234664 0)
(0.174052 0.263609 0)
(0.0155949 0.00936558 0)
(0.290637 0.0156133 0)
(0.0845096 0.191623 0)
(0.131295 0.249846 0)
(0.0244046 0.0738576 0)
(0.0258551 0.0569671 0)
(0.0175274 0.239298 0)
(0.154206 0.275357 0)
(0.28 0.0162067 0)
(0.0161947 0.12 0)
(0.0161947 0.02 0)
(0.200566 0.0803848 0)
(0.0163857 0.110414 0)
(0.140062 0.216128 0)
(0.016077 0.14 0)
(0.0836951 0.139963 0)
(0.138728 0.273874 0)
(0.260305 0.0161705 0)
(0.218756 0.03 0)
(0.209386 0.283742 0)
(0.0162575 0.0906137 0)
(0.190411 0.216426 0)
(0.0418452 0.235506 0)
(0.2425 0.273612 0)
(0.0163224 0.0390277 0)
(0.0837475 0.121235 0)
(0.0274859 0.248761 0)
(0.250519 0.269624 0)
(0.0861715 0.107561 0)
(0.0448536 0.206809 0)
(0.0497211 0.0986744 0)
(0.0348344 0.107332 0)
(0.29245 0.0551011 0)
(0.283813 0.270164 0)
(0.0749108 0.00742949 0)
(0.292326 0.194694 0)
(0.276591 0.0951702 0)
(0.134301 0.0078131 0)
(0.292517 0.255173 0)
(0.267402 0.269801 0)
(0.039941 0.284797 0)
(0.0303035 0.267476 0)
(0.0299751 0.283957 0)
(0.123169 0.276806 0)
(0.292516 0.164828 0)
(0.129711 0.0158216 0)
(0.0551001 0.292449 0)
(0.283535 0.148518 0)
(0.0402089 0.0149013 0)
(0.275465 0.144266 0)
(0.28414 0.0802214 0)
(0.110121 0.0158732 0)
(0.285154 0.179739 0)
(0.267967 0.129724 0)
(0.285098 0.240208 0)
(0.149734 0.0149849 0)
(0.292211 0.205395 0)
(0.276492 0.114839 0)
(0.285095 0.0402198 0)
(0.089796 0.0149401 0)
(0.0550903 0.00742862 0)
(0.0647911 0.106247 0)
(0.209555 0.0465506 0)
(0.00676286 0.155 0)
(0.08 0.284641 0)
(0.0700107 0.284612 0)
(0.00669873 0.275 0)
(0.159869 0.0152417 0)
(0.225183 0.293216 0)
(0.275 0.293301 0)
(0.1 0.015359 0)
(0.169971 0.0153351 0)
(0.09 0.284641 0)
(0.28464 0.22002 0)
(0.1 0.284641 0)
(0.11 0.284641 0)
(0.284448 0.070139 0)
(0.19 0.015359 0)
(0.2 0.015359 0)
(0.179995 0.015355 0)
(0.28481 0.230124 0)
(0.225 0.00669873 0)
(0.175 0.206699 0)
(0.0751219 0.106589 0)
(0.0301839 0.0152595 0)
(0.0934319 0.174717 0)
(0.292488 0.045174 0)
(0.0848326 0.00749813 0)
(0.059759 0.0986659 0)
(0.2925 0.245183 0)
(0.276499 0.0852583 0)
(0.0450962 0.292463 0)
(0.144671 0.00761899 0)
(0.06 0.284626 0)
(0.0600294 0.0152844 0)
(0.284689 0.210057 0)
(0.119879 0.284311 0)
(0.284397 0.109971 0)
(0.284626 0.06 0)
(0.292587 0.174756 0)
(0.0451696 0.00749066 0)
(0.284884 0.189839 0)
(0.275871 0.124721 0)
(0.0699296 0.0151155 0)
(0.284202 0.100112 0)
(0.284626 0.16 0)
(0.11504 0.0236716 0)
(0.124946 0.0236303 0)
(0.284581 0.260228 0)
(0.267917 0.139652 0)
(0.0300688 0.115265 0)
(0.0447082 0.106642 0)
(0.284731 0.0302156 0)
(0.201005 0.26826 0)
(0.200891 0.0686538 0)
(0.0518466 0.218387 0)
(0.00658621 0.255296 0)
(0.255 0.293474 0)
(0.244598 0.00658675 0)
(0.193104 0.0556042 0)
(0.155667 0.206713 0)
(0.093287 0.155658 0)
(0.123157 0.26227 0)
(0.0161389 0.172182 0)
(0.0320661 0.199908 0)
(0.241044 0.284138 0)
(0.209112 0.015359 0)
(0.00732051 0.292679 0)
(0.292679 0.00732051 0)
(0.00732051 0.00732051 0)
(0.192799 0.0927419 0)
(0.292679 0.292679 0)
(0.202629 0.209876 0)
(0.0927614 0.192814 0)
(0.180883 0.267499 0)
(0.132489 0.241615 0)
(0.0245074 0.18773 0)
(0.132442 0.227666 0)
(0.0248137 0.242581 0)
(0.022368 0.115231 0)
(0.022481 0.0149006 0)
(0.285088 0.0225138 0)
(0.145863 0.276936 0)
(0.0226795 0.065 0)
(0.0935111 0.106407 0)
(0.167148 0.267181 0)
(0.0155827 0.0769901 0)
(0.0329493 0.253219 0)
(0.23453 0.290593 1)
(0.00857499 0.234852 1)
(0.065 0.00772626 1)
(0.291546 0.0650643 1)
(0.292174 0.235176 1)
(0.234908 0.00888543 1)
(0.00866025 0.065 1)
(0.0650643 0.291546 1)
(0.205 0.29134 1)
(0.00866025 0.205 1)
(0.0948236 0.00782625 1)
(0.291669 0.095 1)
(0.0913397 0.115 1)
(0.184613 0.091563 1)
(0.20866 0.195 1)
(0.209107 0.205 1)
(0.105 0.20866 1)
(0.095 0.20866 1)
(0.135464 0.208668 1)
(0.00950001 0.146391 1)
(0.125 0.00866025 1)
(0.154824 0.00782625 1)
(0.00844651 0.175401 1)
(0.175 0.29134 1)
(0.29134 0.125 1)
(0.291949 0.154506 1)
(0.00866025 0.095 1)
(0.205 0.00866025 1)
(0.105 0.0913397 1)
(0.095 0.0913397 1)
(0.115 0.29134 1)
(0.292647 0.184506 1)
(0.20866 0.105 1)
(0.20866 0.095 1)
(0.145 0.29134 1)
(0.20866 0.165 1)
(0.165131 0.208891 1)
(0.0911087 0.165131 1)
(0.135 0.0913397 1)
(0.20866 0.135 1)
(0.217395 0.2 1)
(0.217407 0.21 1)
(0.209196 0.215 1)
(0.1 0.217321 1)
(0.09 0.217321 1)
(0.085 0.20866 1)
(0.08 0.217321 1)
(0.217424 0.22 1)
(0.1 0.0826795 1)
(0.09 0.0826795 1)
(0.217321 0.1 1)
(0.217321 0.09 1)
(0.075 0.20866 1)
(0.208767 0.225 1)
(0.225988 0.205 1)
(0.095 0.225981 1)
(0.095 0.0740192 1)
(0.085 0.0740192 1)
(0.08 0.0826795 1)
(0.075 0.0740192 1)
(0.225981 0.095 1)
(0.225981 0.085 1)
(0.217321 0.08 1)
(0.225981 0.075 1)
(0.217356 0.23 1)
(0.07 0.217321 1)
(0.217321 0.07 1)
(0.07 0.0826795 1)
(0.291949 0.265494 1)
(0.035 0.292323 1)
(0.00866025 0.035 1)
(0.265 0.00866025 1)
(0.065 0.20866 1)
(0.208684 0.235 1)
(0.08 0.065359 1)
(0.07 0.065359 1)
(0.234641 0.08 1)
(0.234641 0.07 1)
(0.0603078 0.217498 1)
(0.0650513 0.22601 1)
(0.21733 0.24 1)
(0.225988 0.235 1)
(0.225994 0.195 1)
(0.234644 0.2 1)
(0.234644 0.19 1)
(0.105 0.0740192 1)
(0.225981 0.105 1)
(0.105 0.225981 1)
(0.1 0.234641 1)
(0.11 0.234641 1)
(0.0537578 0.209571 1)
(0.059793 0.200152 1)
(0.208666 0.245 1)
(0.200005 0.24 1)
(0.243302 0.195 1)
(0.243302 0.185 1)
(0.243302 0.205 1)
(0.105 0.243301 1)
(0.115 0.243301 1)
(0.095 0.243301 1)
(0.243301 0.075 1)
(0.243301 0.065 1)
(0.075 0.0566987 1)
(0.065 0.0566987 1)
(0.225984 0.245 1)
(0.234643 0.24 1)
(0.0553676 0.226193 1)
(0.0600698 0.234681 1)
(0.05 0.2 1)
(0.0549655 0.191365 1)
(0.2 0.25 1)
(0.191341 0.245 1)
(0.265092 0.291115 1)
(0.00888543 0.265092 1)
(0.292173 0.0351807 1)
(0.0351764 0.00782625 1)
(0.234642 0.25 1)
(0.243302 0.245 1)
(0.0503027 0.234816 1)
(0.0550621 0.243337 1)
(0.251962 0.2 1)
(0.1 0.251962 1)
(0.06 0.065359 1)
(0.055 0.0566987 1)
(0.05 0.065359 1)
(0.234641 0.1 1)
(0.234641 0.11 1)
(0.243301 0.105 1)
(0.243301 0.115 1)
(0.251962 0.11 1)
(0.251962 0.12 1)
(0.0913397 0.135 1)
(0.09 0.251962 1)
(0.185 0.00866025 1)
(0.00866025 0.115 1)
(0.234641 0.06 1)
(0.243301 0.055 1)
(0.234641 0.05 1)
(0.165 0.0913397 1)
(0.291546 0.215064 1)
(0.243301 0.125 1)
(0.251962 0.13 1)
(0.243301 0.135 1)
(0.251962 0.14 1)
(0.243301 0.145 1)
(0.251962 0.15 1)
(0.1 0.065359 1)
(0.11 0.065359 1)
(0.105 0.0566987 1)
(0.115 0.0566987 1)
(0.11 0.0480385 1)
(0.12 0.0480385 1)
(0.125 0.0566987 1)
(0.13 0.0480385 1)
(0.135 0.0566987 1)
(0.14 0.0480385 1)
(0.145 0.0566987 1)
(0.15 0.0480385 1)
(0.155 0.0566987 1)
(0.16 0.0480385 1)
(0.165 0.0566987 1)
(0.17 0.0480385 1)
(0.175 0.0566987 1)
(0.18 0.0480385 1)
(0.251962 0.21 1)
(0.243301 0.255 1)
(0.251962 0.25 1)
(0.0452906 0.243469 1)
(0.0500588 0.251995 1)
(0.243301 0.045 1)
(0.251962 0.05 1)
(0.045 0.0566987 1)
(0.05 0.0480385 1)
(0.225981 0.255 1)
(0.0446183 0.22576 1)
(0.0449942 0.191344 1)
(0.0499933 0.182684 1)
(0.191328 0.254979 1)
(0.182678 0.249997 1)
(0.251962 0.07 1)
(0.095 0.260622 1)
(0.07 0.0480385 1)
(0.085 0.260622 1)
(0.105 0.260622 1)
(0.191341 0.235 1)
(0.0649597 0.191369 1)
(0.184684 0.0565163 1)
(0.189631 0.0478256 1)
(0.251822 0.259758 1)
(0.0405697 0.25229 1)
(0.04 0.0480385 1)
(0.251962 0.04 1)
(0.234641 0.04 1)
(0.225981 0.045 1)
(0.04 0.065359 1)
(0.045 0.0740192 1)
(0.0351036 0.0740791 1)
(0.0400173 0.0826895 1)
(0.22622 0.035 1)
(0.260599 0.25496 1)
(0.260618 0.244993 1)
(0.260622 0.045 1)
(0.0451048 0.260682 1)
(0.165 0.0393782 1)
(0.135 0.0393782 1)
(0.045 0.0393782 1)
(0.26015 0.134753 1)
(0.260622 0.205 1)
(0.260622 0.195 1)
(0.115 0.0393782 1)
(0.105 0.0393782 1)
(0.260622 0.115 1)
(0.260622 0.105 1)
(0.0399979 0.182681 1)
(0.0449985 0.17402 1)
(0.0549986 0.17402 1)
(0.05 0.165359 1)
(0.0399998 0.165359 1)
(0.045 0.156699 1)
(0.055 0.156699 1)
(0.05 0.148038 1)
(0.06 0.148038 1)
(0.055 0.139378 1)
(0.045 0.139378 1)
(0.05 0.130718 1)
(0.04 0.130718 1)
(0.045 0.122058 1)
(0.055 0.122058 1)
(0.05 0.113727 1)
(0.039753 0.114622 1)
(0.059753 0.113595 1)
(0.182322 0.259483 1)
(0.173967 0.254917 1)
(0.17401 0.244986 1)
(0.165349 0.249984 1)
(0.165573 0.259417 1)
(0.156733 0.2549 1)
(0.156703 0.244981 1)
(0.148045 0.24998 1)
(0.14804 0.239993 1)
(0.148045 0.25998 1)
(0.0404576 0.199912 1)
(0.200154 0.259686 1)
(0.243301 0.155 1)
(0.251962 0.16 1)
(0.0550195 0.260633 1)
(0.234642 0.18 1)
(0.119949 0.234612 1)
(0.234641 0.15 1)
(0.15 0.065359 1)
(0.260622 0.215 1)
(0.20866 0.075 1)
(0.184939 0.0393428 1)
(0.194928 0.0393368 1)
(0.095 0.29134 1)
(0.260622 0.155 1)
(0.260622 0.165 1)
(0.0649588 0.122091 1)
(0.0500207 0.269294 1)
(0.11 0.0310474 1)
(0.269282 0.2 1)
(0.269278 0.249992 1)
(0.269139 0.109753 1)
(0.075 0.0913397 1)
(0.0544649 0.106133 1)
(0.200126 0.0490993 1)
(0.035 0.156699 1)
(0.139434 0.255087 1)
(0.13928 0.264823 1)
(0.243224 0.264866 1)
(0.0344147 0.242789 1)
(0.1567 0.234996 1)
(0.065 0.156699 1)
(0.259613 0.264515 1)
(0.035 0.0393782 1)
(0.0352134 0.260496 1)
(0.260622 0.0349977 1)
(0.183902 0.209517 1)
(0.090943 0.184082 1)
(0.0301282 0.0479645 1)
(0.25198 0.0299621 1)
(0.251962 0.08 1)
(0.260622 0.075 1)
(0.0700103 0.234647 1)
(0.115 0.0740192 1)
(0.225981 0.115 1)
(0.179947 0.0653286 1)
(0.08 0.0480385 1)
(0.075 0.0393782 1)
(0.234643 0.23 1)
(0.06 0.269282 1)
(0.269281 0.239998 1)
(0.1 0.0307729 1)
(0.269282 0.19 1)
(0.269116 0.100206 1)
(0.130566 0.259043 1)
(0.130346 0.269948 1)
(0.148039 0.229998 1)
(0.07 0.148038 1)
(0.0301238 0.082751 1)
(0.147352 0.269186 1)
(0.03 0.165359 1)
(0.069705 0.113905 1)
(0.269281 0.0400018 1)
(0.269282 0.0500003 1)
(0.269289 0.0299966 1)
(0.189978 0.0307052 1)
(0.199984 0.0307089 1)
(0.0350235 0.0913533 1)
(0.1 0.269282 1)
(0.269282 0.16 1)
(0.04 0.030718 1)
(0.05 0.030718 1)
(0.03 0.030718 1)
(0.284958 0.00840007 1)
(0.291563 0.284613 1)
(0.00829497 0.0150593 1)
(0.0153868 0.291563 1)
(0.11 0.269282 1)
(0.269282 0.17 1)
(0.234641 0.16 1)
(0.0650032 0.260624 1)
(0.12 0.0309038 1)
(0.035 0.139378 1)
(0.03 0.130718 1)
(0.179986 0.0307099 1)
(0.225981 0.155 1)
(0.08 0.251962 1)
(0.225981 0.165 1)
(0.234641 0.13 1)
(0.0500029 0.0826812 1)
(0.0306957 0.0652949 1)
(0.260622 0.175 1)
(0.268649 0.119465 1)
(0.234718 0.0299357 1)
(0.225932 0.0251695 1)
(0.268441 0.149753 1)
(0.251962 0.22 1)
(0.225981 0.145 1)
(0.13 0.065359 1)
(0.0700005 0.269282 1)
(0.191249 0.064821 1)
(0.0747077 0.122011 1)
(0.199656 0.21856 1)
(0.0799183 0.200047 1)
(0.025 0.156699 1)
(0.216119 0.039521 1)
(0.217321 0.05 1)
(0.138478 0.234792 1)
(0.208828 0.0647099 1)
(0.125 0.243301 1)
(0.156699 0.225 1)
(0.165359 0.229999 1)
(0.075 0.156699 1)
(0.07 0.165359 1)
(0.2001 0.0893998 1)
(0.0900442 0.0994743 1)
(0.277613 0.195 1)
(0.045247 0.0222003 1)
(0.105176 0.0229375 1)
(0.0550035 0.277615 1)
(0.276957 0.104993 1)
(0.105 0.277942 1)
(0.277613 0.165 1)
(0.277798 0.0452495 1)
(0.195 0.0220577 1)
(0.277799 0.245245 1)
(0.1481 0.220104 1)
(0.0798956 0.1481 1)
(0.0251795 0.139482 1)
(0.0185388 0.130323 1)
(0.0251006 0.122148 1)
(0.260594 0.0950343 1)
(0.268778 0.090287 1)
(0.260622 0.065 1)
(0.269282 0.07 1)
(0.243301 0.175 1)
(0.243301 0.095 1)
(0.065 0.0393782 1)
(0.07 0.030718 1)
(0.08 0.030718 1)
(0.075 0.0223871 1)
(0.217321 0.15 1)
(0.095 0.0393874 1)
(0.185199 0.0739245 1)
(0.175024 0.0739984 1)
(0.095 0.0566987 1)
(0.260621 0.234998 1)
(0.269282 0.229999 1)
(0.0699855 0.130717 1)
(0.277588 0.25504 1)
(0.277589 0.0550416 1)
(0.045251 0.277747 1)
(0.277558 0.205 1)
(0.084753 0.0222552 1)
(0.277745 0.174753 1)
(0.0550412 0.0224109 1)
(0.065 0.0910103 1)
(0.0252341 0.0912329 1)
(0.0202467 0.0834943 1)
(0.029796 0.0998419 1)
(0.114653 0.260822 1)
(0.0199621 0.165009 1)
(0.0248001 0.173466 1)
(0.204849 0.02271 1)
(0.095 0.277942 1)
(0.114936 0.277736 1)
(0.039476 0.0993663 1)
(0.193611 0.0741449 1)
(0.0149863 0.156216 1)
(0.0505363 0.285208 1)
(0.0698236 0.0991268 1)
(0.285212 0.0505425 1)
(0.285212 0.250541 1)
(0.0794649 0.014793 1)
(0.285207 0.169465 1)
(0.284802 0.2 1)
(0.0505419 0.0147878 1)
(0.0185326 0.10005 1)
(0.0249815 0.108072 1)
(0.0814111 0.130478 1)
(0.209952 0.0307293 1)
(0.08 0.113397 1)
(0.21577 0.0214588 1)
(0.165321 0.219748 1)
(0.174013 0.224958 1)
(0.174103 0.214992 1)
(0.182679 0.22 1)
(0.0802517 0.165321 1)
(0.0750419 0.174013 1)
(0.0851078 0.174371 1)
(0.0801004 0.183018 1)
(0.234757 0.0197015 1)
(0.225362 0.0155263 1)
(0.244225 0.0146591 1)
(0.215749 0.00967186 1)
(0.156374 0.215047 1)
(0.0849527 0.156374 1)
(0.146831 0.209627 1)
(0.0903734 0.146784 1)
(0.243524 0.024614 1)
(0.252479 0.0197537 1)
(0.260663 0.0251382 1)
(0.269743 0.0185449 1)
(0.277894 0.0250943 1)
(0.260622 0.185 1)
(0.269223 0.060007 1)
(0.277754 0.0650021 1)
(0.276743 0.0752473 1)
(0.0200632 0.147919 1)
(0.0650002 0.277757 1)
(0.075 0.277764 1)
(0.182679 0.229993 1)
(0.260622 0.085 1)
(0.277382 0.184712 1)
(0.291621 0.275265 1)
(0.282906 0.280227 1)
(0.283738 0.290832 1)
(0.274019 0.285 1)
(0.275365 0.275038 1)
(0.265976 0.280062 1)
(0.255885 0.285289 1)
(0.25814 0.274561 1)
(0.247816 0.280434 1)
(0.119395 0.26945 1)
(0.0650035 0.0224519 1)
(0.0248175 0.291683 1)
(0.0197871 0.282917 1)
(0.00917044 0.28374 1)
(0.015 0.274019 1)
(0.0249645 0.275366 1)
(0.0199382 0.265976 1)
(0.0147114 0.255885 1)
(0.0260191 0.257267 1)
(0.0195662 0.247816 1)
(0.185 0.0220577 1)
(0.175 0.0220577 1)
(0.27495 0.00863532 1)
(0.0300404 0.148036 1)
(0.0252522 0.039278 1)
(0.0193717 0.0486587 1)
(0.0185932 0.0301292 1)
(0.025 0.0220577 1)
(0.0650086 0.243306 1)
(0.00862385 0.0250314 1)
(0.17 0.065359 1)
(0.165004 0.0740158 1)
(0.19134 0.225 1)
(0.0600005 0.0826249 1)
(0.0547536 0.090804 1)
(0.00866025 0.055 1)
(0.0171962 0.0599926 1)
(0.0164001 0.0693935 1)
(0.00884619 0.0445849 1)
(0.174019 0.234997 1)
(0.234628 0.259978 1)
(0.225979 0.264996 1)
(0.21732 0.259999 1)
(0.21732 0.269999 1)
(0.22598 0.274999 1)
(0.217441 0.27979 1)
(0.206973 0.274784 1)
(0.225819 0.284781 1)
(0.234093 0.27975 1)
(0.216443 0.290301 1)
(0.125 0.0394092 1)
(0.13 0.0310835 1)
(0.14 0.0307789 1)
(0.134753 0.0229695 1)
(0.144712 0.0223624 1)
(0.149952 0.0307789 1)
(0.154697 0.0225882 1)
(0.13917 0.0150897 1)
(0.251962 0.17 1)
(0.277449 0.235287 1)
(0.277567 0.225024 1)
(0.085 0.29134 1)
(0.00866025 0.195 1)
(0.0172957 0.2 1)
(0.0173164 0.21 1)
(0.0170193 0.190464 1)
(0.025696 0.204971 1)
(0.0261066 0.214982 1)
(0.0173408 0.219997 1)
(0.0260051 0.224996 1)
(0.0352011 0.220192 1)
(0.0345998 0.230696 1)
(0.0259808 0.235 1)
(0.0442238 0.21536 1)
(0.0355359 0.208898 1)
(0.114992 0.225976 1)
(0.124493 0.226194 1)
(0.119914 0.217355 1)
(0.0599998 0.165359 1)
(0.00821723 0.0743973 1)
(0.195 0.00866025 1)
(0.234641 0.09 1)
(0.260612 0.0550012 1)
(0.034966 0.173928 1)
(0.0294052 0.181533 1)
(0.075 0.29134 1)
(0.182678 0.239995 1)
(0.0895179 0.200278 1)
(0.160001 0.0653584 1)
(0.155001 0.0740186 1)
(0.145 0.0740191 1)
(0.15 0.0826794 1)
(0.160001 0.0826788 1)
(0.00945531 0.246095 1)
(0.00864942 0.224975 1)
(0.00985206 0.0843565 1)
(0.0172267 0.229822 1)
(0.217335 0.19 1)
(0.225986 0.185 1)
(0.217324 0.18 1)
(0.13949 0.224293 1)
(0.194475 0.209056 1)
(0.169998 0.0307166 1)
(0.245679 0.29097 1)
(0.0550006 0.0740104 1)
(0.055 0.0393782 1)
(0.0650067 0.174018 1)
(0.00867567 0.125054 1)
(0.00866025 0.135 1)
(0.115247 0.00851767 1)
(0.120041 0.0163627 1)
(0.253856 0.00938921 1)
(0.125 0.0913397 1)
(0.13 0.0826795 1)
(0.115 0.0913397 1)
(0.174936 0.091377 1)
(0.20866 0.125 1)
(0.217321 0.13 1)
(0.20866 0.115 1)
(0.0750103 0.225987 1)
(0.08 0.234641 1)
(0.0750008 0.243302 1)
(0.234643 0.21 1)
(0.251962 0.19 1)
(0.125 0.291669 1)
(0.135 0.291395 1)
(0.140695 0.283143 1)
(0.150343 0.283324 1)
(0.13047 0.281682 1)
(0.155057 0.291447 1)
(0.16022 0.282893 1)
(0.291537 0.085247 1)
(0.284075 0.0905351 1)
(0.291526 0.105 1)
(0.0403453 0.269098 1)
(0.0353404 0.276653 1)
(0.033882 0.191148 1)
(0.195 0.29134 1)
(0.200227 0.282984 1)
(0.190038 0.28273 1)
(0.195752 0.274609 1)
(0.18549 0.274402 1)
(0.180088 0.282752 1)
(0.174598 0.273279 1)
(0.185021 0.29136 1)
(0.291877 0.0752988 1)
(0.0352655 0.0566017 1)
(0.00866025 0.105 1)
(0.2917 0.115 1)
(0.283558 0.119824 1)
(0.283155 0.129971 1)
(0.291419 0.134995 1)
(0.282679 0.14 1)
(0.275406 0.134501 1)
(0.00856203 0.185166 1)
(0.234641 0.14 1)
(0.174987 0.0393707 1)
(0.09 0.269282 1)
(0.234641 0.17 1)
(0.243301 0.165 1)
(0.12 0.0826795 1)
(0.105 0.29134 1)
(0.0254315 0.00782023 1)
(0.175 0.00866025 1)
(0.164985 0.00825574 1)
(0.251957 0.100006 1)
(0.225982 0.175 1)
(0.217321 0.17 1)
(0.0446319 0.0910065 1)
(0.0912788 0.125286 1)
(0.109984 0.217325 1)
(0.199965 0.22976 1)
(0.276837 0.154618 1)
(0.292179 0.0254391 1)
(0.208661 0.175 1)
(0.09 0.234641 1)
(0.0850001 0.243301 1)
(0.217324 0.25 1)
(0.0400067 0.148038 1)
(0.251956 0.0900067 1)
(0.00866114 0.214995 1)
(0.105259 0.00802798 1)
(0.1 0.04804 1)
(0.165356 0.23999 1)
(0.165046 0.291393 1)
(0.09 0.065359 1)
(0.06 0.0480385 1)
(0.291597 0.14467 1)
(0.208663 0.185 1)
(0.0352881 0.022551 1)
(0.169992 0.282613 1)
(0.164066 0.274232 1)
(0.225989 0.215 1)
(0.243302 0.215 1)
(0.25196 0.0600002 1)
(0.234401 0.2697 1)
(0.20866 0.155 1)
(0.0850017 0.225982 1)
(0.217348 0.0599517 1)
(0.225985 0.0649919 1)
(0.225986 0.0549906 1)
(0.208687 0.254948 1)
(0.0650002 0.0740087 1)
(0.14 0.065359 1)
(0.268908 0.259671 1)
(0.276408 0.264958 1)
(0.00946716 0.164843 1)
(0.234641 0.12 1)
(0.269218 0.21 1)
(0.0850074 0.0912521 1)
(0.243301 0.235 1)
(0.291931 0.225029 1)
(0.20866 0.145 1)
(0.11 0.0826795 1)
(0.190972 0.083633 1)
(0.2433 0.0850011 1)
(0.225981 0.135 1)
(0.260295 0.124623 1)
(0.0349936 0.122201 1)
(0.243354 0.0349186 1)
(0.225981 0.125 1)
(0.217321 0.12 1)
(0.0700181 0.18274 1)
(0.125032 0.208664 1)
(0.0599931 0.182694 1)
(0.085 0.0566987 1)
(0.08024 0.099293 1)
(0.20866 0.055 1)
(0.200495 0.0595823 1)
(0.115 0.20866 1)
(0.217321 0.11 1)
(0.0699452 0.200038 1)
(0.251962 0.18 1)
(0.109942 0.251995 1)
(0.13096 0.218389 1)
(0.260074 0.144918 1)
(0.144992 0.0393985 1)
(0.157808 0.265617 1)
(0.226007 0.225 1)
(0.269156 0.179911 1)
(0.268669 0.080089 1)
(0.164974 0.0224363 1)
(0.217321 0.14 1)
(0.09 0.0480403 1)
(0.0749086 0.191472 1)
(0.217321 0.16 1)
(0.155 0.0393782 1)
(0.20866 0.265 1)
(0.251961 0.239999 1)
(0.139588 0.245338 1)
(0.0599907 0.130723 1)
(0.121303 0.252978 1)
(0.12 0.065359 1)
(0.180124 0.0828626 1)
(0.125 0.0740192 1)
(0.06 0.030718 1)
(0.085 0.277764 1)
(0.234647 0.22 1)
(0.0750006 0.260622 1)
(0.208691 0.0850191 1)
(0.243303 0.225 1)
(0.205079 0.0393397 1)
(0.170015 0.082712 1)
(0.0600129 0.251969 1)
(0.085 0.03938 1)
(0.135 0.0740192 1)
(0.16 0.030718 1)
(0.064996 0.139379 1)
(0.0899588 0.0307619 1)
(0.251962 0.23 1)
(0.145 0.0913397 1)
(0.260622 0.225 1)
(0.155 0.0913396 1)
(0.0700044 0.251964 1)
(0.0947344 0.0227232 1)
(0.14 0.0826794 1)
(0.075 0.139378 1)
(0.08 0.269282 1)
(0.269209 0.220004 1)
(0.277531 0.215002 1)
(0.27744 0.03531 1)
(0.19099 0.26556 1)
(0.0250634 0.195692 1)
(0.0183952 0.180852 1)
(0.128789 0.234664 1)
(0.174052 0.263609 1)
(0.0155949 0.00936558 1)
(0.290637 0.0156133 1)
(0.0845096 0.191623 1)
(0.131295 0.249846 1)
(0.0244046 0.0738576 1)
(0.0258551 0.0569671 1)
(0.0175274 0.239298 1)
(0.154206 0.275357 1)
(0.28 0.0162067 1)
(0.0161947 0.12 1)
(0.0161947 0.02 1)
(0.200566 0.0803848 1)
(0.0163857 0.110414 1)
(0.140062 0.216128 1)
(0.016077 0.14 1)
(0.0836951 0.139963 1)
(0.138728 0.273874 1)
(0.260305 0.0161705 1)
(0.218756 0.03 1)
(0.209386 0.283742 1)
(0.0162575 0.0906137 1)
(0.190411 0.216426 1)
(0.0418452 0.235506 1)
(0.2425 0.273612 1)
(0.0163224 0.0390277 1)
(0.0837475 0.121235 1)
(0.0274859 0.248761 1)
(0.250519 0.269624 1)
(0.0861715 0.107561 1)
(0.0448536 0.206809 1)
(0.0497211 0.0986744 1)
(0.0348344 0.107332 1)
(0.29245 0.0551011 1)
(0.283813 0.270164 1)
(0.0749108 0.00742949 1)
(0.292326 0.194694 1)
(0.276591 0.0951702 1)
(0.134301 0.0078131 1)
(0.292517 0.255173 1)
(0.267402 0.269801 1)
(0.039941 0.284797 1)
(0.0303035 0.267476 1)
(0.0299751 0.283957 1)
(0.123169 0.276806 1)
(0.292516 0.164828 1)
(0.129711 0.0158216 1)
(0.0551001 0.292449 1)
(0.283535 0.148518 1)
(0.0402089 0.0149013 1)
(0.275465 0.144266 1)
(0.28414 0.0802214 1)
(0.110121 0.0158732 1)
(0.285154 0.179739 1)
(0.267967 0.129724 1)
(0.285098 0.240208 1)
(0.149734 0.0149849 1)
(0.292211 0.205395 1)
(0.276492 0.114839 1)
(0.285095 0.0402198 1)
(0.089796 0.0149401 1)
(0.0550903 0.00742862 1)
(0.0647911 0.106247 1)
(0.209555 0.0465506 1)
(0.00676286 0.155 1)
(0.08 0.284641 1)
(0.0700107 0.284612 1)
(0.00669873 0.275 1)
(0.159869 0.0152417 1)
(0.225183 0.293216 1)
(0.275 0.293301 1)
(0.1 0.015359 1)
(0.169971 0.0153351 1)
(0.09 0.284641 1)
(0.28464 0.22002 1)
(0.1 0.284641 1)
(0.11 0.284641 1)
(0.284448 0.070139 1)
(0.19 0.015359 1)
(0.2 0.015359 1)
(0.179995 0.015355 1)
(0.28481 0.230124 1)
(0.225 0.00669873 1)
(0.175 0.206699 1)
(0.0751219 0.106589 1)
(0.0301839 0.0152595 1)
(0.0934319 0.174717 1)
(0.292488 0.045174 1)
(0.0848326 0.00749813 1)
(0.059759 0.0986659 1)
(0.2925 0.245183 1)
(0.276499 0.0852583 1)
(0.0450962 0.292463 1)
(0.144671 0.00761899 1)
(0.06 0.284626 1)
(0.0600294 0.0152844 1)
(0.284689 0.210057 1)
(0.119879 0.284311 1)
(0.284397 0.109971 1)
(0.284626 0.06 1)
(0.292587 0.174756 1)
(0.0451696 0.00749066 1)
(0.284884 0.189839 1)
(0.275871 0.124721 1)
(0.0699296 0.0151155 1)
(0.284202 0.100112 1)
(0.284626 0.16 1)
(0.11504 0.0236716 1)
(0.124946 0.0236303 1)
(0.284581 0.260228 1)
(0.267917 0.139652 1)
(0.0300688 0.115265 1)
(0.0447082 0.106642 1)
(0.284731 0.0302156 1)
(0.201005 0.26826 1)
(0.200891 0.0686538 1)
(0.0518466 0.218387 1)
(0.00658621 0.255296 1)
(0.255 0.293474 1)
(0.244598 0.00658675 1)
(0.193104 0.0556042 1)
(0.155667 0.206713 1)
(0.093287 0.155658 1)
(0.123157 0.26227 1)
(0.0161389 0.172182 1)
(0.0320661 0.199908 1)
(0.241044 0.284138 1)
(0.209112 0.015359 1)
(0.00732051 0.292679 1)
(0.292679 0.00732051 1)
(0.00732051 0.00732051 1)
(0.192799 0.0927419 1)
(0.292679 0.292679 1)
(0.202629 0.209876 1)
(0.0927614 0.192814 1)
(0.180883 0.267499 1)
(0.132489 0.241615 1)
(0.0245074 0.18773 1)
(0.132442 0.227666 1)
(0.0248137 0.242581 1)
(0.022368 0.115231 1)
(0.022481 0.0149006 1)
(0.285088 0.0225138 1)
(0.145863 0.276936 1)
(0.0226795 0.065 1)
(0.0935111 0.106407 1)
(0.167148 0.267181 1)
(0.0155827 0.0769901 1)
(0.0329493 0.253219 1)
)


// ************************************************************************* //
